                            2025
      janeiro               fevereiro               março          
DM SG TR QA QT SX SB  DM SG TR QA QT SX SB  DM SG TR QA QT SX SB  
          f  2  3  4                     1                     1  
 5  6  7  8  9 10 11   2  3  4  5  6  7  8   2  3  f  5  6  7  8  
12 13 14 15 16 17 18   9 10 11 12 13 14 15   9 10 11 12 13 14 15  
19 20 21 22 23 24 25  16 17 18 19 20 21 22  16 17 18 19 20 21 22  
26 27 28 29 30 31     23 24 25 26 27 28     23 24 25 26 27 28 29  
                                            30 31                 

       abril                  maio                   junho          
DM SG TR QA QT SX SB  DM SG TR QA QT SX SB  DM SG TR QA QT SX SB  
       1  2  3  4  5               f  2  3   1  2  3  4  5  6  7  
 6  7  8  9 10 11 12   4  5  6  7  8  9 10   8  9  f 11 12 13 14  
13 14 15 16 17  f 19  11 12 13 14 15 16 17  15 16 17 18  f 20 21  
P  21 22 23 24  f 26  18 19 20 21 22 23 24  22 23 24 25 26 27 28  
27 28 29 30           25 26 27 28 29 30 31  29 30                 
                                                                  

        julho                 agosto              setembro        
DM SG TR QA QT SX SB  DM SG TR QA QT SX SB  DM SG TR QA QT SX SB  
       1  2  3  4  5                  1  2      1  2  3  4  5  6  
 6  7  8  9 10 11 12   3  4  5  6  7  8  9   7  8  9 10 11 12 13  
13 14 15 16 17 18 19  10 11 12 13 14  f 16  14 15 16 17 18 19 20  
20 21 22 23 24 25 26  17 18 19 20 21 22 23  21 22 23 24 25 26 27  
27 28 29 30 31        24 25 26 27 28 29 30  28 29 30              
                      31                                          

      outubro               novembro              dezembro        
DM SG TR QA QT SX SB  DM SG TR QA QT SX SB  DM SG TR QA QT SX SB  
          1  2  3  4                     f      f  2  3  4  5  6  
 f  6  7  8  9 10 11   2  3  4  5  6  7  8   7  f  9 10 11 12 13  
12 13 14 15 16 17 18   9 10 11 12 13 14 15  14 15 16 17 18 19 20  
19 20 21 22 23 24 25  16 17 18 19 20 21 22  21 22 23 24  f 26 27  
26 27 28 29 30 31     23 24 25 26 27 28 29  28 29 30 31           
                      30                                          
